chunk;timestamp;size;fieldname;;;;;;;;;;;;;;;;;;;;
0;10163165791651;20;absz;1.36003e+08;9.91685e+07;7.22966e+07;5.26894e+07;3.83579e+07;2.79179e+07;2.03233e+07;1.47844e+07;1.07529e+07;7.81997e+06;5.68568e+06;4.13302e+06;3.0039e+06;2.18292e+06;1.5861e+06;1.15229e+06;837002;607908;441446;320514
0;10163165791651;20;abszpwr;1.84968e+16;9.8344e+15;5.2268e+15;2.77617e+15;1.47133e+15;7.79408e+14;4.13038e+14;2.18579e+14;1.15625e+14;6.11519e+13;3.2327e+13;1.70818e+13;9.02339e+12;4.76515e+12;2.51572e+12;1.32778e+12;7.00572e+11;3.69552e+11;1.94875e+11;1.02729e+11
0;10163165791651;20;abszstddev;175583;87677.1;37168.9;19718;14451.9;6726.72;1320.71;400.37;910.483;192.471;279.589;51.2894;34.2716;25.9325;11.1836;6.74569;5.05435;2.49896;2.74474;2.00278
0;10163165791651;20;bandwidth;10.2741;10.2741;10.2741;10.2741;10.2741;5.99314;7.7055;10.2741;10.2741;10.2741;10.2741;10.2741;10.2741;10.2741;10.2741;10.2741;10.2741;10.2741;10.2741;10.2741
0;10163165791651;20;bias;0;0;0;0;0;0;0;0;0;0;0;0;0;0;0;0;0;0;0;0
0;10163165791651;20;biaspwr;0;0;0;0;0;0;0;0;0;0;0;0;0;0;0;0;0;0;0;0
0;10163165791651;20;biasstddev;0;0;0;0;0;0;0;0;0;0;0;0;0;0;0;0;0;0;0;0
0;10163165791651;20;drive;0.300003;0.300003;0.300003;0.300003;0.300003;0.300003;0.300003;0.300003;0.300003;0.300003;0.300003;0.300003;0.300003;0.300003;0.300003;0.300003;0.300003;0.300003;0.300003;0.300003
0;10163165791651;20;drivepwr;0.0900018;0.0900018;0.0900018;0.0900018;0.0900018;0.0900018;0.0900018;0.0900018;0.0900018;0.0900018;0.0900018;0.0900018;0.0900018;0.0900018;0.0900018;0.0900018;0.0900018;0.0900018;0.0900018;0.0900018
0;10163165791651;20;drivestddev;0;0;0;0;0;0;0;0;0;0;0;0;0;0;0;0;0;0;0;0
0;10163165791651;20;frequency;9.999999974752427;13.86918846435492;19.23543905490988;26.67799336109056;37.00021196095804;51.31629158938722;71.17153245417285;98.70914048804025;136.9015682683994;189.8713664161278;263.3361782500288;365.2259113806622;506.5387032487934;702.5280792305466;974.3494403835484;1351.343611730726;1874.203936580443;2599.368780806799;3605.113577052066;4999.99999995282
0;10163165791651;20;frequencypwr;99.99999949500553;192.3543886598173;370.0021156351938;711.7153297743778;1369.015685155935;2633.361782486973;5065.387031875493;9743.494415887966;18742.03939434763;36051.13578472789;69345.94277532931;133389.9663438387;256581.4578889652;493545.7021073564;949356.8319757177;1826129.5569654;3512640.395893622;6756718.058632946;12996843.90344478;24999999.99952776
0;10163165791651;20;frequencystddev;0;0;0;0;0;0;0;0;0;0;0;0;0;0;0;0;0;0;0;0
0;10163165791651;20;grid;10;13.86918856530028;19.2354391459856;26.67799326520329;37.00021191389153;51.31629159898316;71.17153246582319;98.70914042498926;136.901568167288;189.8713663797429;263.3361783471869;365.2259113562678;506.5387033533725;702.5280792430627;974.3494403440249;1351.343611662607;1874.203936666262;2599.36878074525;3605.113577091053;4999.999999999999
0;10163165791651;20;imagz;-1.35754e+08;-9.90051e+07;-7.2191e+07;-5.26191e+07;-3.83108e+07;-2.78859e+07;-2.0302e+07;-1.47698e+07;-1.07428e+07;-7.81299e+06;-5.68079e+06;-4.12956e+06;-3.00142e+06;-2.18112e+06;-1.58477e+06;-1.15129e+06;-836219;-607276;-440914;-320042
0;10163165791651;20;imagzpwr;1.84291e+16;9.80202e+15;5.21154e+15;2.76877e+15;1.46772e+15;7.77623e+14;4.12172e+14;2.18148e+14;1.15409e+14;6.10428e+13;3.22714e+13;1.70532e+13;9.00851e+12;4.7573e+12;2.5115e+12;1.32547e+12;6.99262e+11;3.68784e+11;1.94405e+11;1.02427e+11
0;10163165791651;20;imagzstddev;173603;85454.8;37647.5;19233.8;14293.6;6588.85;1285.16;415.576;916.255;204.838;277.513;51.6323;34.4874;26.0107;11.4096;6.63968;5.00684;2.50096;2.712;1.98593
0;10163165791651;20;param0;2.24881e+09;1.72884e+09;1.338e+09;1.0207e+09;7.74281e+08;5.83485e+08;4.43906e+08;3.32999e+08;2.48719e+08;1.85142e+08;1.37092e+08;1.0104e+08;7.39645e+07;5.37813e+07;3.87394e+07;2.75828e+07;1.93532e+07;1.33359e+07;8.99182e+06;5.90892e+06
0;10163165791651;20;param0pwr;5.05863e+18;2.98973e+18;1.79047e+18;1.04191e+18;5.99529e+17;3.40456e+17;1.97053e+17;1.10889e+17;6.18615e+16;3.42777e+16;1.87943e+16;1.02091e+16;5.47075e+15;2.89243e+15;1.50074e+15;7.60812e+14;3.74545e+14;1.77847e+14;8.08527e+13;3.49153e+13
0;10163165791651;20;param0stddev;3.84072e+07;2.92677e+07;1.54003e+07;9.66863e+06;4.19845e+06;1.1323e+06;680518;326773;427003;213866;160538;25422.2;21468;6387.64;5420.04;2035.95;1974.65;451.326;418.217;199.493
0;10163165791651;20;param1;1.16809e-10;1.15526e-10;1.14279e-10;1.13074e-10;1.12003e-10;1.10965e-10;1.09917e-10;1.08951e-10;1.08014e-10;1.07095e-10;1.06207e-10;1.05348e-10;1.04512e-10;1.03696e-10;1.02899e-10;1.0212e-10;1.01361e-10;1.00615e-10;9.98848e-11;9.91661e-11
0;10163165791651;20;param1pwr;1.36444e-20;1.33462e-20;1.30596e-20;1.27858e-20;1.25446e-20;1.23132e-20;1.20817e-20;1.18703e-20;1.1667e-20;1.14693e-20;1.12799e-20;1.10983e-20;1.09227e-20;1.07528e-20;1.05882e-20;1.04285e-20;1.0274e-20;1.01234e-20;9.97698e-21;9.83391e-21
0;10163165791651;20;param1stddev;1.5261e-13;1.04918e-13;5.81366e-14;4.34763e-14;4.26697e-14;2.72517e-14;7.34081e-15;2.84592e-15;9.09197e-15;2.47121e-15;5.26565e-15;1.2989e-15;1.18593e-15;1.22744e-15;7.10698e-16;6.06889e-16;6.17846e-16;4.12959e-16;6.27875e-16;6.24106e-16
0;10163165791651;20;phasez;-1.51026;-1.51339;-1.51673;-1.51915;-1.52123;-1.52293;-1.525;-1.52638;-1.52755;-1.52855;-1.52931;-1.52988;-1.53017;-1.5302;-1.52984;-1.52901;-1.52753;-1.5252;-1.52168;-1.51653
0;10163165791651;20;phasezpwr;2.2809;2.29034;2.30047;2.30781;2.31415;2.31932;2.32562;2.32985;2.33341;2.33645;2.33879;2.34053;2.34143;2.3415;2.34042;2.33787;2.33336;2.32622;2.31552;2.29986
0;10163165791651;20;phasezstddev;0.00104087;0.000989364;0.000618145;0.000498438;0.000273131;0.000103763;7.17336e-05;4.29623e-05;7.36087e-05;4.80398e-05;4.89389e-05;1.01848e-05;1.17174e-05;4.68995e-06;5.54235e-06;3.23939e-06;4.48253e-06;1.51402e-06;2.44404e-06;1.94945e-06
0;10163165791651;20;realz;8.22757e+06;5.69014e+06;3.90695e+06;2.72013e+06;1.90031e+06;1.33579e+06;930465;656395;464881;330297;235805;169060;121996;88602.3;64939.4;48138;36199.3;27711;21672.4;17385.5
0;10163165791651;20;realzpwr;6.77136e+13;3.23877e+13;1.52662e+13;7.39983e+12;3.61128e+12;1.78433e+12;8.65768e+11;4.30854e+11;2.16115e+11;1.09096e+11;5.56041e+10;2.85811e+10;1.48831e+10;7.85037e+09;4.21713e+09;2.31727e+09;1.31039e+09;7.67901e+08;4.69695e+08;3.02254e+08
0;10163165791651;20;realzstddev;143981;100066;44287.8;26616.4;10691.2;3198.13;1489.3;625.333;784.81;369.073;280.322;41.6726;34.9866;10.0376;8.49535;3.91818;3.81505;0.914941;1.15876;0.676458
0;10163165791651;20;settling;0.332279;0.276484;0.236254;0.207247;0.186333;0.226766;0.176373;0.132279;0.132279;0.132279;0.132279;0.132279;0.132279;0.132279;0.132279;0.132279;0.132279;0.132279;0.132279;0.132279
0;10163165791651;20;tc;0.00509713;0.00509713;0.00509713;0.00509713;0.00509713;0.00873802;0.00679621;0.00509713;0.00509713;0.00509713;0.00509713;0.00509713;0.00509713;0.00509713;0.00509713;0.00509713;0.00509713;0.00509713;0.00509713;0.00509713
0;10163165791651;20;tcmeas;0.00509713;0.00509713;0.00509713;0.00509713;0.00509713;0.00873802;0.00679621;0.00509713;0.00509713;0.00509713;0.00509713;0.00509713;0.00509713;0.00509713;0.00509713;0.00509713;0.00509713;0.00509713;0.00509713;0.00509713
0;10163165791651;20;count;20089;14485;10444;7530;5430;1755;1365;1339;1339;1339;1339;1339;1339;1339;1339;1339;1339;1339;1339;1339
0;10163165791651;20;flags;0;0;0;0;0;0;0;0;0;0;0;0;0;0;0;0;0;0;0;0
0;10163165791651;20;nexttimestamp;10162615416029;10162723387620;10162803004436;10162863085125;10162908586519;10162949708475;10162970019916;10162985492354;10163000040622;10163015158451;10163030429664;10163045225372;10163060326421;10163075559676;10163090448970;10163105407124;10163120690241;10163135659232;10163150825502;10163165791651
0;10163165791651;20;settimestamp;10162595479277;10162706798596;10162788829199;10162850650284;10162897406543;10162936102485;10162959437520;10162977555602;10162992103870;10163007221699;10163022492912;10163037288620;10163052389669;10163067622924;10163082512218;10163097470372;10163112753489;10163127722480;10163142888750;10163157854899
1;10163933969651;50;absz;7.37318e+06;6.29863e+06;5.40235e+06;4.62022e+06;3.95667e+06;3.38381e+06;2.89623e+06;2.47639e+06;2.12009e+06;1.81384e+06;1.55189e+06;1.32777e+06;1.13587e+06;971836;831392;711213;608374;520423;445173;380781;325676;278549;238244;203757;174257;149024;127446;108989;93201.1;79696.9;68151.4;58276.7;49831.6;42610;36434.1;31151.8;26634.1;22769.9;19465.4;16638.5;14220.1;12151;10380.6;8864.96;7567.41;6455.94;5503.4;4686.2;3984.59;3381.1
1;10163933969651;50;abszpwr;5.43639e+13;3.96728e+13;2.91853e+13;2.13465e+13;1.56552e+13;1.14502e+13;8.38814e+12;6.13253e+12;4.49478e+12;3.29003e+12;2.40835e+12;1.76296e+12;1.2902e+12;9.44466e+11;6.91212e+11;5.05824e+11;3.70119e+11;2.7084e+11;1.98179e+11;1.44994e+11;1.06065e+11;7.75893e+10;5.67602e+10;4.15167e+10;3.03654e+10;2.22083e+10;1.62424e+10;1.18785e+10;8.68644e+09;6.35159e+09;4.64461e+09;3.39617e+09;2.48318e+09;1.81562e+09;1.32744e+09;9.70435e+08;7.09373e+08;5.18469e+08;3.78903e+08;2.76839e+08;2.02211e+08;1.47646e+08;1.07756e+08;7.85876e+07;5.72658e+07;4.16792e+07;3.02874e+07;2.19605e+07;1.5877e+07;1.14318e+07
1;10163933969651;50;abszstddev;12191.4;8479.53;2658.33;2716.57;1971.93;1534.18;1210.84;420.072;272.628;230.108;112.85;58.798;24.5032;49.0194;40.0719;42.1185;29.5108;11.7003;24.9202;14.6079;9.30859;3.64595;0.751212;1.15088;1.21389;1.20395;0.940572;0.440063;0.160264;0.528461;0.580006;0.267099;0.219324;0.191746;0.0784022;0.0860304;0.0822204;0.167061;0.0929048;0.101782;0.0778625;0.0501391;0.0256111;0.0307253;0.0388382;0.0258166;0.0131853;0.00868538;0.00722813;0.0105864
1;10163933969651;50;bandwidth;10.2741;10.2741;10.2741;10.2741;10.2741;10.2741;10.2741;10.2741;10.2741;10.2741;10.2741;10.2741;10.2741;10.2741;10.2741;10.2741;10.2741;10.2741;10.2741;10.2741;10.2741;10.2741;10.2741;10.2741;10.2741;10.2741;10.2741;10.2741;10.2741;10.2741;10.2741;10.2741;10.2741;10.2741;10.2741;10.2741;10.2741;10.2741;10.2741;10.2741;10.2741;10.2741;10.2741;10.2741;10.2741;10.2741;10.2741;10.2741;10.2741;10.2741
1;10163933969651;50;bias;0;0;0;0;0;0;0;0;0;0;0;0;0;0;0;0;0;0;0;0;0;0;0;0;0;0;0;0;0;0;0;0;0;0;0;0;0;0;0;0;0;0;0;0;0;0;0;0;0;0
1;10163933969651;50;biaspwr;0;0;0;0;0;0;0;0;0;0;0;0;0;0;0;0;0;0;0;0;0;0;0;0;0;0;0;0;0;0;0;0;0;0;0;0;0;0;0;0;0;0;0;0;0;0;0;0;0;0
1;10163933969651;50;biasstddev;0;0;0;0;0;0;0;0;0;0;0;0;0;0;0;0;0;0;0;0;0;0;0;0;0;0;0;0;0;0;0;0;0;0;0;0;0;0;0;0;0;0;0;0;0;0;0;0;0;0
1;10163933969651;50;drive;0.300003;0.300003;0.300003;0.300003;0.300003;0.300003;0.300003;0.300003;0.300003;0.300003;0.300003;0.300003;0.300003;0.300003;0.300003;0.300003;0.300003;0.300003;0.300003;0.300003;0.300003;0.300003;0.300003;0.300003;0.300003;0.300003;0.300003;0.300003;0.300003;0.300003;0.300003;0.300003;0.300003;0.300003;0.300003;0.300003;0.300003;0.300003;0.300003;0.300003;0.300003;0.300003;0.300003;0.300003;0.300003;0.300003;0.300003;0.300003;0.300003;0.300003
1;10163933969651;50;drivepwr;0.0900018;0.0900018;0.0900018;0.0900018;0.0900018;0.0900018;0.0900018;0.0900018;0.0900018;0.0900018;0.0900018;0.0900018;0.0900018;0.0900018;0.0900018;0.0900018;0.0900018;0.0900018;0.0900018;0.0900018;0.0900018;0.0900018;0.0900018;0.0900018;0.0900018;0.0900018;0.0900018;0.0900018;0.0900018;0.0900018;0.0900018;0.0900018;0.0900018;0.0900018;0.0900018;0.0900018;0.0900018;0.0900018;0.0900018;0.0900018;0.0900018;0.0900018;0.0900018;0.0900018;0.0900018;0.0900018;0.0900018;0.0900018;0.0900018;0.0900018
1;10163933969651;50;drivestddev;0;0;0;0;0;0;0;0;0;0;0;0;0;0;0;0;0;0;0;0;0;0;0;0;0;0;0;0;0;0;0;0;0;0;0;0;0;0;0;0;0;0;0;0;0;0;0;0;0;0
1;10163933969651;50;frequency;199.9999999213742;234.625769479635;275.2462588517801;322.8993264769997;378.802514688914;444.3841576318164;521.3198749487447;611.5753842550475;717.456725922716;841.6691823498468;987.3863981368913;1158.33146786315;1358.872060208682;1594.132014446359;1870.122253535556;2193.894364737048;2573.720768452858;3019.306079821149;3542.035062906734;4155.263512473084;4874.659497176026;5718.603679767398;6708.658946337209;7870.121340545211;9232.666380967203;10831.10727442716;12706.28439819177;14906.10877695531;17486.78621595445;20514.25336674129;24065.86241733066;28232.35745111674;33120.19296963342;38854.25382030405;45581.04601983359;53472.44000269313;62730.06193403319;73590.44528463698;86331.07429211862;101277.4737211686;118811.5260634959;139381.228686517;163512.140226203;191820.8086789974;225030.524286467;263989.7996954232;309694.0495706946;363311.0235703185;426210.642505751;499999.9999999716
1;10163933969651;50;frequencypwr;39999.99996855055;55049.25170391121;75760.50301190092;104263.9750393024;143491.3451346456;197477.2795541348;271774.4120165716;374024.4506267179;514744.1535717338;708407.0125174528;974931.8992257303;1341731.789442009;1846533.276015769;2541256.879482775;3497357.243168852;4813172.483625099;6624038.593965535;9116209.203645075;12546012.38686036;17266214.85808973;23762305.21340865;32702428.04624938;45006104.85826925;61938809.9149033;85242128.50224282;117312884.7901486;161449663.207733;222192078.8704225;305787692.1624913;420834591.194869;579165733.889892;797066007.2476498;1096947182.345725;1509653039.932617;2077631756.262204;2859301839.841683;3935060670.24766;5415553637.191184;7453054388.431465;10257126683.34184;14116178725.53688;19427126910.16373;26736220001.35252;36795222642.2651;50638736860.64111;69690614343.22987;95910404339.49678;131994899847.7158;181655511785.1631;249999999999.9741
1;10163933969651;50;frequencystddev;0;0;0;0;0;0;0;0;0;0;0;0;0;0;0;0;0;0;0;0;0;0;0;0;0;0;0;0;0;0;0;0;0;0;0;0;0;0;0;0;0;0;0;0;0;0;0;0;0;0
1;10163933969651;50;grid;200;234.625769577406;275.24625874895;322.8993264113714;378.8025147764702;444.38415773643;521.3198749845864;611.5753843212788;717.4567260048893;841.6691823869163;987.3863982355815;1158.331467781432;1358.872060269723;1594.132014490097;1870.122253538597;2193.894364701633;2573.720768448274;3019.306079872645;3542.0350628993;4155.26351251452;4874.659497103171;5718.603679678212;6708.658946263437;7870.121340497041;9232.666380908422;10831.10727436042;12706.28439811127;14906.10877688122;17486.7862159014;20514.25336670721;24065.8624173479;28232.35745107106;33120.19296970986;38854.25382035175;45581.04601977958;53472.4400026697;62730.06193404024;73590.44528456265;86331.0742921725;101277.4737212261;118811.5260634907;139381.2286865629;163512.1402261459;191820.8086790414;225030.5242864022;263989.7996955213;309694.0495707347;363311.0235703847;426210.6425057829;499999.9999999999
1;10163933969651;50;imagz;-7.36623e+06;-6.29349e+06;-5.39759e+06;-4.61649e+06;-3.95351e+06;-3.38125e+06;-2.89408e+06;-2.47461e+06;-2.11859e+06;-1.81258e+06;-1.55082e+06;-1.32687e+06;-1.13512e+06;-971202;-830857;-710759;-607991;-520099;-444898;-380547;-325478;-278380;-238100;-203633;-174150;-148932;-127366;-108919;-93139.7;-79642.5;-68102.9;-58233.2;-49792.1;-42573.9;-36400.7;-31120.7;-26604.7;-22741.8;-19438.2;-16611.8;-14193.6;-12124.2;-10353.2;-8836.61;-7537.62;-6424.24;-5469.24;-4648.96;-3943.51;-3335.27
1;10163933969651;50;imagzpwr;5.42615e+13;3.96081e+13;2.9134e+13;2.1312e+13;1.56303e+13;1.14328e+13;8.37572e+12;6.1237e+12;4.48841e+12;3.28544e+12;2.40503e+12;1.76058e+12;1.2885e+12;9.43234e+11;6.90323e+11;5.05179e+11;3.69653e+11;2.70503e+11;1.97934e+11;1.44816e+11;1.05936e+11;7.74952e+10;5.66915e+10;4.14663e+10;3.03282e+10;2.21808e+10;1.6222e+10;1.18633e+10;8.675e+09;6.34293e+09;4.63801e+09;3.3911e+09;2.47925e+09;1.81254e+09;1.32501e+09;9.68496e+08;7.07808e+08;5.17191e+08;3.77845e+08;2.75951e+08;2.01457e+08;1.46997e+08;1.07189e+08;7.80856e+07;5.68158e+07;4.12709e+07;2.99126e+07;2.16128e+07;1.55512e+07;1.1124e+07
1;10163933969651;50;imagzstddev;12324.7;8327.48;2633.94;2747.37;1964.22;1529.73;1187.58;426.861;266.923;230.108;111.651;62.9628;25.5886;49.2434;42.183;44.0098;29.51;11.7576;25.1156;14.543;9.37966;3.65157;0.747917;1.07946;1.20822;1.19506;0.909479;0.451073;0.155793;0.530347;0.56884;0.266429;0.220409;0.194061;0.0768384;0.0852226;0.0817145;0.166509;0.0917862;0.10142;0.0774999;0.0502655;0.0264969;0.0308063;0.0383637;0.0255676;0.0132306;0.00861478;0.00736443;0.0103568
1;10163933969651;50;param0;1.6996e+08;1.56195e+08;1.28856e+08;1.15011e+08;9.9095e+07;8.70066e+07;7.52658e+07;6.52835e+07;5.63257e+07;4.85593e+07;4.1803e+07;3.61192e+07;3.12609e+07;2.69049e+07;2.31808e+07;1.99107e+07;1.71446e+07;1.47535e+07;1.26743e+07;1.08789e+07;9.34635e+06;7.99869e+06;6.84562e+06;5.84821e+06;4.98314e+06;4.23913e+06;3.59825e+06;3.04403e+06;2.56769e+06;2.15844e+06;1.80787e+06;1.50777e+06;1.25245e+06;1.03541e+06;851756;697031;567073;458512;368336;293902;232876;183193;143076;110921;85368.3;65224;49471;37242;27819.3;20605.7
1;10163933969651;50;param0pwr;2.8896e+16;2.44197e+16;1.66131e+16;1.32299e+16;9.82064e+15;7.5703e+15;5.66581e+15;4.26237e+15;3.17261e+15;2.35807e+15;1.7475e+15;1.30461e+15;9.77248e+14;7.23872e+14;5.37353e+14;3.9644e+14;2.93936e+14;2.17667e+14;1.60637e+14;1.1835e+14;8.73543e+13;6.3979e+13;4.68625e+13;3.42015e+13;2.48317e+13;1.79702e+13;1.29474e+13;9.26611e+12;6.59305e+12;4.65885e+12;3.26841e+12;2.27336e+12;1.56864e+12;1.07207e+12;7.25488e+11;4.85852e+11;3.21571e+11;2.10233e+11;1.35671e+11;8.63786e+10;5.42312e+10;3.35596e+10;2.04707e+10;1.23034e+10;7.28776e+09;4.25417e+09;2.44738e+09;1.38697e+09;7.73916e+08;4.24594e+08
1;10163933969651;50;param0stddev;3.09632e+06;4.78011e+06;3.04501e+06;1.52117e+06;899929;382685;929563;655275;172834;249662;73814.6;109010;70595.5;33397.7;60714.2;54847.7;18371.5;6068.29;7835.24;3200.42;3786.62;1369.51;1483.59;3161.26;749.4;344.195;814.346;529.45;182.444;518.519;263.432;114.498;47.1854;51.0274;36.5053;15.384;11.8153;4.22857;6.15108;3.89194;4.33296;2.60337;3.03222;1.70015;0.619432;1.18282;0.393064;0.227589;0.132237;0.114688
1;10163933969651;50;param1;1.07827e-10;1.07608e-10;1.06938e-10;1.06596e-10;1.06104e-10;1.05761e-10;1.05332e-10;1.05012e-10;1.04559e-10;1.04178e-10;1.03794e-10;1.03412e-10;1.03045e-10;1.02664e-10;1.02297e-10;1.01936e-10;1.01581e-10;1.01225e-10;1.00872e-10;1.00527e-10;1.0019e-10;9.9854e-11;9.95174e-11;9.9189e-11;9.8864e-11;9.8542e-11;9.82208e-11;9.7903e-11;9.75894e-11;9.72807e-11;9.69695e-11;9.66615e-11;9.6356e-11;9.60509e-11;9.57481e-11;9.54493e-11;9.51541e-11;9.48639e-11;9.45762e-11;9.42968e-11;9.4026e-11;9.37664e-11;9.35198e-11;9.32945e-11;9.30932e-11;9.29256e-11;9.28009e-11;9.27374e-11;9.27494e-11;9.2868e-11
1;10163933969651;50;param1pwr;1.16267e-20;1.15795e-20;1.14358e-20;1.13626e-20;1.1258e-20;1.11855e-20;1.10949e-20;1.10275e-20;1.09326e-20;1.0853e-20;1.07733e-20;1.06941e-20;1.06182e-20;1.05399e-20;1.04648e-20;1.03909e-20;1.03188e-20;1.02464e-20;1.01752e-20;1.01056e-20;1.00381e-20;9.97083e-21;9.90372e-21;9.83845e-21;9.77408e-21;9.71052e-21;9.64733e-21;9.58501e-21;9.5237e-21;9.46354e-21;9.40309e-21;9.34344e-21;9.28448e-21;9.22578e-21;9.1677e-21;9.11057e-21;9.05431e-21;8.99916e-21;8.94465e-21;8.89188e-21;8.84089e-21;8.79214e-21;8.74596e-21;8.70386e-21;8.66635e-21;8.63516e-21;8.61201e-21;8.60022e-21;8.60245e-21;8.62446e-21
1;10163933969651;50;param1stddev;1.76273e-13;1.4763e-13;5.34048e-14;6.19499e-14;5.30818e-14;4.80701e-14;4.49236e-14;1.76369e-14;1.37286e-14;1.32515e-14;7.63038e-15;4.26739e-15;2.16215e-15;5.15655e-15;4.67783e-15;5.76993e-15;4.92825e-15;2.26425e-15;5.59947e-15;3.87173e-15;2.84057e-15;1.30451e-15;3.17144e-16;5.999e-16;6.91964e-16;8.01584e-16;7.48767e-16;3.861e-16;1.72759e-16;6.4388e-16;8.4082e-16;4.44081e-16;4.21714e-16;4.26699e-16;2.10174e-16;2.65868e-16;2.95293e-16;6.97457e-16;4.56222e-16;5.77994e-16;5.16364e-16;3.85138e-16;2.22182e-16;3.21674e-16;4.81816e-16;3.74108e-16;2.20462e-16;1.72356e-16;1.63374e-16;2.93777e-16
1;10163933969651;50;phasez;-1.52739;-1.53042;-1.52884;-1.53061;-1.53085;-1.53189;-1.5323;-1.53285;-1.53315;-1.53343;-1.53366;-1.53403;-1.53445;-1.53467;-1.53492;-1.53507;-1.5353;-1.53551;-1.53566;-1.53579;-1.53594;-1.53597;-1.53599;-1.53595;-1.53582;-1.53563;-1.53537;-1.53498;-1.53449;-1.53386;-1.53309;-1.53214;-1.531;-1.52963;-1.52801;-1.52609;-1.52381;-1.52112;-1.51792;-1.51415;-1.5097;-1.50442;-1.49818;-1.49079;-1.48204;-1.47165;-1.45932;-1.44463;-1.42707;-1.40597
1;10163933969651;50;phasezpwr;2.33291;2.34219;2.33734;2.34276;2.34352;2.3467;2.34795;2.34963;2.35054;2.35142;2.35212;2.35324;2.35455;2.3552;2.35599;2.35643;2.35716;2.35781;2.35827;2.35864;2.35912;2.35919;2.35926;2.35914;2.35874;2.35817;2.35736;2.35618;2.35466;2.35274;2.35037;2.34744;2.34396;2.33977;2.33481;2.32895;2.322;2.31379;2.3041;2.29266;2.27918;2.26328;2.24454;2.22245;2.19643;2.16576;2.12962;2.08696;2.03653;1.97674
1;10163933969651;50;phasezstddev;0.000750215;0.00128861;0.000969212;0.000527744;0.000361544;0.000172488;0.000486966;0.000381107;0.000118385;0.000192835;6.63447e-05;0.000109737;8.18616e-05;4.45579e-05;9.28919e-05;9.67778e-05;3.79868e-05;1.43161e-05;2.03894e-05;1.07586e-05;1.36105e-05;5.88922e-06;7.55681e-06;1.89531e-05;5.29745e-06;2.9948e-06;8.23711e-06;6.1653e-06;2.61239e-06;8.85828e-06;5.72926e-06;2.94653e-06;1.41414e-06;1.88811e-06;1.88143e-06;1.04373e-06;1.01837e-06;5.48684e-07;1.0971e-06;7.69241e-07;1.16446e-06;8.1146e-07;1.37538e-06;1.14035e-06;8.05995e-07;1.81105e-06;7.8419e-07;7.45485e-07;4.60367e-07;8.76411e-07
1;10163933969651;50;realz;319957;254248;226620;185635;157995;131604;111464;93946.3;79800.6;67754.6;57612.1;48810;41272.2;35104;29818.5;25404.8;21588.2;18357.6;15636.3;13328;11348.3;9700.25;8291.47;7099.05;6093.62;5238.88;4513.97;3902.24;3382.98;2942.68;2569.1;2252.45;1982.66;1753.52;1558.48;1392.24;1250.94;1130.76;1028.69;941.941;868.321;805.96;753.138;708.504;670.808;639.016;612.224;589.67;570.716;554.789
1;10163933969651;50;realzpwr;1.024e+11;6.47103e+10;5.13842e+10;3.4466e+10;2.49645e+10;1.73199e+10;1.24264e+10;8.82679e+09;6.3682e+09;4.59081e+09;3.31916e+09;2.38244e+09;1.7034e+09;1.23229e+09;8.8915e+08;6.45408e+08;4.6605e+08;3.37002e+08;2.44495e+08;1.77636e+08;1.28783e+08;9.40949e+07;6.87484e+07;5.03966e+07;3.71322e+07;2.74459e+07;2.0376e+07;1.52274e+07;1.14445e+07;8.65938e+06;6.60027e+06;5.07355e+06;3.93093e+06;3.07485e+06;2.42885e+06;1.93833e+06;1.56485e+06;1.27863e+06;1.0582e+06;887253;753981;649571;567217;501978;449983;408342;374819;347711;325717;307791
1;10163933969651;50;realzstddev;5228.44;8274.62;5248.62;2403.15;1440.97;595.34;1430.26;940.69;257.033;349.786;104.257;143.953;92.6912;43.0484;76.0955;67.6359;23.1109;7.35965;8.52121;4.32113;4.28015;1.62789;1.80174;3.88239;0.930519;0.469573;1.07684;0.664606;0.246362;0.704563;0.406551;0.172752;0.0669998;0.0746957;0.0702965;0.0345761;0.0286115;0.0184476;0.0257424;0.0154076;0.0181802;0.00919385;0.0125569;0.00985959;0.00859254;0.0122269;0.00417502;0.00366414;0.00117297;0.00368627
1;10163933969651;50;settling;0.132279;0.132279;0.132279;0.132279;0.132279;0.132279;0.132279;0.132279;0.132279;0.132279;0.132279;0.132279;0.132279;0.132279;0.132279;0.132279;0.132279;0.132279;0.132279;0.132279;0.132279;0.132279;0.132279;0.132279;0.132279;0.132279;0.132279;0.132279;0.132279;0.132279;0.132279;0.132279;0.132279;0.132279;0.132279;0.132279;0.132279;0.132279;0.132279;0.132279;0.132279;0.132279;0.132279;0.132279;0.132279;0.132279;0.132279;0.132279;0.132279;0.132279
1;10163933969651;50;tc;0.00509713;0.00509713;0.00509713;0.00509713;0.00509713;0.00509713;0.00509713;0.00509713;0.00509713;0.00509713;0.00509713;0.00509713;0.00509713;0.00509713;0.00509713;0.00509713;0.00509713;0.00509713;0.00509713;0.00509713;0.00509713;0.00509713;0.00509713;0.00509713;0.00509713;0.00509713;0.00509713;0.00509713;0.00509713;0.00509713;0.00509713;0.00509713;0.00509713;0.00509713;0.00509713;0.00509713;0.00509713;0.00509713;0.00509713;0.00509713;0.00509713;0.00509713;0.00509713;0.00509713;0.00509713;0.00509713;0.00509713;0.00509713;0.00509713;0.00509713
1;10163933969651;50;tcmeas;0.00509713;0.00509713;0.00509713;0.00509713;0.00509713;0.00509713;0.00509713;0.00509713;0.00509713;0.00509713;0.00509713;0.00509713;0.00509713;0.00509713;0.00509713;0.00509713;0.00509713;0.00509713;0.00509713;0.00509713;0.00509713;0.00509713;0.00509713;0.00509713;0.00509713;0.00509713;0.00509713;0.00509713;0.00509713;0.00509713;0.00509713;0.00509713;0.00509713;0.00509713;0.00509713;0.00509713;0.00509713;0.00509713;0.00509713;0.00509713;0.00509713;0.00509713;0.00509713;0.00509713;0.00509713;0.00509713;0.00509713;0.00509713;0.00509713;0.00509713
1;10163933969651;50;count;1339;1339;1339;1339;1339;1339;1339;1339;1339;1339;1339;1339;1339;1339;1339;1339;1339;1339;1339;1339;1339;1339;1339;1339;1339;1339;1339;1339;1339;1339;1339;1339;1339;1339;1339;1339;1339;1339;1339;1339;1339;1339;1339;1339;1339;1339;1339;1339;1339;1339
1;10163933969651;50;flags;0;0;0;0;0;0;0;0;0;0;0;0;0;0;0;0;0;0;0;0;0;0;0;0;0;0;0;0;0;0;0;0;0;0;0;0;0;0;0;0;0;0;0;0;0;0;0;0;0;0
1;10163933969651;50;nexttimestamp;10163196098215;10163211035033;10163226066394;10163241090285;10163256182963;10163271286418;10163286248134;10163301492297;10163316394098;10163331435846;10163346544038;10163361496046;10163376668486;10163391813334;10163406652093;10163421913295;10163436944867;10163451883922;10163466891967;10163482220704;10163497292873;10163512218467;10163527351471;10163542402831;10163557421531;10163572687120;10163587541826;10163602560511;10163617767263;10163632757656;10163647696114;10163662955384;10163677988951;10163692952867;10163708219471;10163723286004;10163738033845;10163753348040;10163768241925;10163783304004;10163798429220;10163813366197;10163828553126;10163843847530;10163858655758;10163873588905;10163888921675;10163903759829;10163918786601;10163933969651
1;10163933969651;50;settimestamp;10163188161463;10163203098281;10163218129642;10163233153533;10163248246211;10163263349666;10163278311382;10163293555545;10163308457346;10163323499094;10163338607286;10163353559294;10163368731734;10163383876582;10163398715341;10163413976543;10163429008115;10163443947170;10163458955215;10163474283952;10163489356121;10163504281715;10163519414719;10163534466079;10163549484779;10163564750368;10163579605074;10163594623759;10163609830511;10163624820904;10163639759362;10163655018632;10163670052199;10163685016115;10163700282719;10163715349252;10163730097093;10163745411288;10163760305173;10163775367252;10163790492468;10163805429445;10163820616374;10163835910778;10163850719006;10163865652153;10163880984923;10163895823077;10163910849849;10163926032899
2;10164704043589;50;absz;82096;73512.1;65822.3;58919.6;52749.2;47224.9;42280.7;37852;33882.7;30331.4;27152.9;24308.7;21760.4;19480.8;17437.9;15609.9;13973.4;12508.7;11197;10022.9;8972.09;8030.91;7188.1;6433.85;5758.75;5154.07;4613.04;4128.56;3694.75;3306.37;2958.68;2647.4;2368.69;2119.14;1895.65;1695.53;1516.27;1355.73;1211.93;1083.11;967.733;864.371;771.816;688.912;614.793;548.537;489.44;436.924;390.486;349.795
2;10164704043589;50;abszpwr;6.73975e+09;5.40403e+09;4.33257e+09;3.47152e+09;2.78248e+09;2.23019e+09;1.78766e+09;1.43277e+09;1.14804e+09;9.19994e+08;7.37278e+08;5.90914e+08;4.73515e+08;3.795e+08;3.04081e+08;2.43669e+08;1.95257e+08;1.56468e+08;1.25374e+08;1.00459e+08;8.04983e+07;6.44956e+07;5.16688e+07;4.13944e+07;3.31632e+07;2.65645e+07;2.12801e+07;1.7045e+07;1.36511e+07;1.09321e+07;8.75378e+06;7.00872e+06;5.6107e+06;4.49074e+06;3.59348e+06;2.87484e+06;2.29908e+06;1.83801e+06;1.46877e+06;1.17313e+06;936507;747137;595699;474600;377971;300893;239551;190903;152479;122356
2;10164704043589;50;abszstddev;23.4624;6.51408;12.1568;9.3676;6.80351;7.6691;2.04823;2.97139;2.62796;2.8167;1.34086;0.885476;0.391007;0.71731;0.66376;0.62898;0.180487;0.524887;0.100055;0.326378;0.0722512;0.128399;0.112701;0.0690077;0.0699308;0.0419878;0.0385166;0.0724994;0.0356363;0.0425591;0.0328256;0.0112603;0.0151347;0.00803575;0.00726497;0.0189016;0.010424;0.00249932;0.0087594;0.00713071;0.00271246;0.00376064;0.0049551;0.0126188;0.00184253;0.00121784;0.00159625;0.00673657;0.00160489;0.00106099
2;10164704043589;50;bandwidth;10.2741;10.2741;10.2741;10.2741;10.2741;10.2741;10.2741;10.2741;10.2741;10.2741;10.2741;10.2741;10.2741;10.2741;10.2741;10.2741;10.2741;10.2741;10.2741;10.2741;10.2741;10.2741;10.2741;10.2741;10.2741;10.2741;10.2741;10.2741;10.2741;10.2741;10.2741;10.2741;10.2741;10.2741;10.2741;10.2741;10.2741;10.2741;10.2741;10.2741;10.2741;10.2741;10.2741;10.2741;10.2741;10.2741;10.2741;10.2741;10.2741;10.2741
2;10164704043589;50;bias;0;0;0;0;0;0;0;0;0;0;0;0;0;0;0;0;0;0;0;0;0;0;0;0;0;0;0;0;0;0;0;0;0;0;0;0;0;0;0;0;0;0;0;0;0;0;0;0;0;0
2;10164704043589;50;biaspwr;0;0;0;0;0;0;0;0;0;0;0;0;0;0;0;0;0;0;0;0;0;0;0;0;0;0;0;0;0;0;0;0;0;0;0;0;0;0;0;0;0;0;0;0;0;0;0;0;0;0
2;10164704043589;50;biasstddev;0;0;0;0;0;0;0;0;0;0;0;0;0;0;0;0;0;0;0;0;0;0;0;0;0;0;0;0;0;0;0;0;0;0;0;0;0;0;0;0;0;0;0;0;0;0;0;0;0;0
2;10164704043589;50;drive;0.300003;0.300003;0.300003;0.300003;0.300003;0.300003;0.300003;0.300003;0.300003;0.300003;0.300003;0.300003;0.300003;0.300003;0.300003;0.300003;0.300003;0.300003;0.300003;0.300003;0.300003;0.300003;0.300003;0.300003;0.300003;0.300003;0.300003;0.300003;0.300003;0.300003;0.300003;0.300003;0.300003;0.300003;0.300003;0.300003;0.300003;0.300003;0.300003;0.300003;0.300003;0.300003;0.300003;0.300003;0.300003;0.300003;0.300003;0.300003;0.300003;0.300003
2;10164704043589;50;drivepwr;0.0900018;0.0900018;0.0900018;0.0900018;0.0900018;0.0900018;0.0900018;0.0900018;0.0900018;0.0900018;0.0900018;0.0900018;0.0900018;0.0900018;0.0900018;0.0900018;0.0900018;0.0900018;0.0900018;0.0900018;0.0900018;0.0900018;0.0900018;0.0900018;0.0900018;0.0900018;0.0900018;0.0900018;0.0900018;0.0900018;0.0900018;0.0900018;0.0900018;0.0900018;0.0900018;0.0900018;0.0900018;0.0900018;0.0900018;0.0900018;0.0900018;0.0900018;0.0900018;0.0900018;0.0900018;0.0900018;0.0900018;0.0900018;0.0900018;0.0900018
2;10164704043589;50;drivestddev;0;0;0;0;0;0;0;0;0;0;0;0;0;0;0;0;0;0;0;0;0;0;0;0;0;0;0;0;0;0;0;0;0;0;0;0;0;0;0;0;0;0;0;0;0;0;0;0;0;0
2;10164704043589;50;frequency;20000.00000002444;22385.53853899816;25055.61678390222;28044.17375656954;31389.19662092121;35133.2035329932;39323.78408414649;44014.2042055669;49264.08322518227;55140.1516811012;61717.09952482729;69078.52549602467;77317.99973512921;86540.25314108083;96862.50859274992;108415.9709538568;121347.4948009008;135821.4510731415;152021.8163702936;170154.5114554648;190450.0186878266;213166.3116533389;238592.1342356312;267050.6708003728;298903.6541519141;334555.9634717432;374460.7706856584;419125.3006744233;469117.2785435782;525072.1459047724;587701.13789258;657800.3235824071;736260.7247225839;824079.6413975459;922373.3285811875;1032391.184709951;1155531.632626961;1293359.894754076;1447627.888434013;1620296.494325686;1813560.480908265;2029876.401899315;2271993.821195295;2542990.262224833;2846310.325953354;3185809.474764127;3565803.038745301;3991121.067296888;4467169.723268114;4999999.999999929
2;10164704043589;50;frequencypwr;400000000.0009766;501112335.6809804;627783932.421755;786475681.688689;985281664.5068408;1234341990.490723;1546359994.696546;1937250171.849325;2426949896.017619;3040436327.414915;3809000373.757417;4771842684.705014;5978073083.041271;7489215413.722486;9382345570.880722;11754022757.8673;14725214494.45476;18447466571.61337;23110632652.52342;28952557768.64827;36271209618.19461;45439876423.8889;56926206519.11479;71316060774.92755;89343394465.36397;111927692694.5035;140220868782.4994;175666017665.4287;220071021028.1306;275700758405.0435;345392627480.2357;432701265705.1241;542079854769.0114;679107255365.9041;850772557277.9692;1065831558266.824;1335253354001.505;1672779817358.254;2095626503371.96;2625360729524.038;3289001617912.122;4120398206987.688;5161955923549.693;6466799473770.208;8101482471628.671;10149382009496.65;12714951311125.5;15929047373821.27;19955605336483.73;24999999999999.78
2;10164704043589;50;frequencystddev;0;0;0;0;0;0;0;0;0;0;0;0;0;0;0;0;0;0;0;0;0;0;0;0;0;0;0;0;0;0;0;0;0;0;0;0;0;0;0;0;0;0;0;0;0;0;0;0;0;0
2;10164704043589;50;grid;20000;22385.53853889392;25055.61678381524;28044.17375649267;31389.1966208702;35133.20353307037;39323.78408421753;44014.20420561973;49264.08322518237;55140.15168102986;61717.09952480751;69078.5254960665;77317.99973510798;86540.25314102246;96862.50859269968;108415.9709537911;121347.4948008847;135821.4510731717;152021.816370349;170154.5114555551;190450.0186877497;213166.3116533844;238592.1342355349;267050.6708003259;298903.6541519084;334555.9634716882;374460.7706856131;419125.3006743346;469117.278543541;525072.1459048734;587701.1378926637;657800.3235824016;736260.724722537;824079.6413975159;922373.3285810986;1032391.184710002;1155531.632627005;1293359.894754142;1447627.888433928;1620296.494325766;1813560.480908207;2029876.401899283;2271993.821195386;2542990.262224903;2846310.325953376;3185809.47476405;3565803.038745202;3991121.067296788;4467169.723268183;4999999.999999999
2;10164704043589;50;imagz;-82050.4;-73470.9;-65784.9;-58885.5;-52717.9;-47196.2;-42254.3;-37827.5;-33859.8;-30310;-27132.6;-24289.6;-21742.1;-19463.2;-17420.9;-15593.4;-13957.2;-12492.8;-11181.2;-10007.1;-8956.11;-8014.7;-7171.56;-6416.84;-5741.17;-5135.79;-4593.91;-4108.44;-3673.46;-3283.74;-2934.5;-2621.45;-2340.73;-2088.89;-1862.81;-1659.76;-1477.18;-1312.88;-1164.83;-1031.23;-910.428;-800.945;-701.468;-610.734;-527.715;-451.384;-380.83;-315.271;-253.955;-196.244
2;10164704043589;50;imagzpwr;6.73227e+09;5.39797e+09;4.32765e+09;3.46751e+09;2.77918e+09;2.22749e+09;1.78542e+09;1.43092e+09;1.14649e+09;9.18694e+08;7.3618e+08;5.89985e+08;4.72719e+08;3.78818e+08;3.03489e+08;2.43155e+08;1.94805e+08;1.56069e+08;1.25018e+08;1.00141e+08;8.0212e+07;6.42354e+07;5.14313e+07;4.11758e+07;3.2961e+07;2.63764e+07;2.1104e+07;1.68793e+07;1.34943e+07;1.07829e+07;8.6113e+06;6.87202e+06;5.47904e+06;4.36347e+06;3.47005e+06;2.75479e+06;2.18205e+06;1.72365e+06;1.35683e+06;1.06343e+06;828880;641513;492057;372997;278483;203748;145031;99395.5;64493.3;38511.6
2;10164704043589;50;imagzstddev;23.3309;6.59579;12.0542;9.61723;6.75714;7.55685;2.03541;2.99673;2.61054;2.77436;1.31116;0.88034;0.373639;0.726895;0.667619;0.607233;0.18107;0.504142;0.103929;0.334921;0.0688342;0.130295;0.114639;0.0679399;0.070081;0.0413528;0.037868;0.0726992;0.0324179;0.0422758;0.0313141;0.011096;0.0178526;0.00877735;0.00749592;0.018967;0.00871939;0.00243956;0.00801804;0.00646154;0.00198328;0.00571663;0.0058177;0.0116157;0.00178918;0.00115253;0.00154646;0.0067541;0.00135171;0.00116217
2;10164704043589;50;param0;2.46417e+06;2.1956e+06;1.95295e+06;1.73293e+06;1.53124e+06;1.35653e+06;1.19633e+06;1.05209e+06;923174;806894;703378;613026;530769;459409;395184;339853;290305;247568;210318;178060;150423;126454;106020;88538;73766.4;61255;50700.2;41865.9;34470.7;28305.7;23190.4;18955.9;15462.9;12587.6;10228.2;8297.41;6720.44;5435.2;4390.07;3541.92;2854.63;2298.9;1850.37;1488.93;1198.32;965.387;779.178;631.08;514.048;422.56
2;10164704043589;50;param0pwr;6.07219e+12;4.8207e+12;3.81401e+12;3.00315e+12;2.34471e+12;1.8402e+12;1.43121e+12;1.10691e+12;8.52251e+11;6.5108e+11;4.94741e+11;3.75802e+11;2.81716e+11;2.11057e+11;1.5617e+11;1.155e+11;8.4277e+10;6.12898e+10;4.42337e+10;3.17054e+10;2.26272e+10;1.59906e+10;1.12402e+10;7.83898e+09;5.44148e+09;3.75217e+09;2.57051e+09;1.75275e+09;1.18823e+09;8.01211e+08;5.37794e+08;3.59326e+08;2.39101e+08;1.58449e+08;1.04617e+08;6.8847e+07;4.51643e+07;2.95414e+07;1.92727e+07;1.25452e+07;8.14893e+06;5.28493e+06;3.42387e+06;2.2169e+06;1.43598e+06;931971;607119;398262;264246;178557
2;10164704043589;50;param0stddev;7875.01;5818.34;2801.39;9531.62;1884.19;4683.14;1293.12;1973.41;1008.22;939.728;1093.84;590.988;374.518;326.083;285.69;277.032;289.596;211.311;45.6018;105.873;63.2719;47.888;16.4489;27.1133;14.1654;4.32672;5.77396;1.85851;3.87254;2.17888;1.12872;0.40659;0.940123;0.392815;0.191559;0.220433;0.121246;0.0456782;0.0623916;0.0262136;0.0207423;0.0503457;0.0312936;0.0324009;0.0116719;0.00336352;0.0035878;0.0140173;0.0025615;0.00135196
2;10164704043589;50;param1;9.68784e-11;9.66607e-11;9.64485e-11;9.62646e-11;9.60652e-11;9.58668e-11;9.56647e-11;9.54679e-11;9.52839e-11;9.50939e-11;9.49019e-11;9.47051e-11;9.45164e-11;9.43203e-11;9.4134e-11;9.39437e-11;9.37523e-11;9.35585e-11;9.33673e-11;9.31735e-11;9.29762e-11;9.2781e-11;9.25869e-11;9.23859e-11;9.21793e-11;9.19725e-11;9.17532e-11;9.15283e-11;9.12946e-11;9.10472e-11;9.07825e-11;9.0496e-11;9.01828e-11;8.98356e-11;8.9447e-11;8.90035e-11;8.84944e-11;8.78978e-11;8.71913e-11;8.63442e-11;8.53145e-11;8.4053e-11;8.24885e-11;8.05378e-11;7.80691e-11;7.49437e-11;7.0957e-11;6.58562e-11;5.93382e-11;5.10528e-11
2;10164704043589;50;param1pwr;9.38543e-21;9.3433e-21;9.30231e-21;9.26687e-21;9.22852e-21;9.19044e-21;9.15173e-21;9.11411e-21;9.07902e-21;9.04285e-21;9.00638e-21;8.96905e-21;8.93336e-21;8.89632e-21;8.86121e-21;8.82542e-21;8.7895e-21;8.7532e-21;8.71746e-21;8.6813e-21;8.64457e-21;8.60831e-21;8.57233e-21;8.53516e-21;8.49703e-21;8.45894e-21;8.41865e-21;8.37743e-21;8.3347e-21;8.28959e-21;8.24146e-21;8.18952e-21;8.13294e-21;8.07044e-21;8.00077e-21;7.92162e-21;7.83126e-21;7.72602e-21;7.60233e-21;7.45533e-21;7.27857e-21;7.06491e-21;6.80436e-21;6.48634e-21;6.09479e-21;5.61656e-21;5.0349e-21;4.33704e-21;3.52102e-21;2.60638e-21
2;10164704043589;50;param1stddev;2.78332e-14;8.46106e-15;1.79546e-14;1.49006e-14;1.24687e-14;1.57938e-14;4.66378e-15;7.4321e-15;7.43641e-15;8.95933e-15;4.79512e-15;3.4729e-15;1.77666e-15;3.42678e-15;3.56351e-15;3.91533e-15;1.24415e-15;4.08175e-15;8.03312e-16;2.95723e-15;8.06247e-16;1.47167e-15;1.42555e-15;1.02595e-15;1.12398e-15;7.60793e-16;7.8567e-16;1.59545e-15;9.65986e-16;1.1796e-15;1.0504e-15;3.906e-16;4.6819e-16;3.18721e-16;3.34124e-16;9.73743e-16;7.01183e-16;1.75148e-16;6.76461e-16;6.02155e-16;3.15052e-16;1.72182e-16;4.24282e-16;1.43578e-15;4.79895e-16;1.94068e-16;2.0867e-16;1.22141e-15;1.87765e-16;4.29211e-16
2;10164704043589;50;phasez;-1.53747;-1.53731;-1.53709;-1.53679;-1.53634;-1.53598;-1.53545;-1.53481;-1.53409;-1.5332;-1.53218;-1.53113;-1.52979;-1.52838;-1.52666;-1.52485;-1.52264;-1.52025;-1.51753;-1.51448;-1.51112;-1.50724;-1.50294;-1.49806;-1.49265;-1.48656;-1.47968;-1.47202;-1.4634;-1.45372;-1.44287;-1.43068;-1.41701;-1.40164;-1.38438;-1.365;-1.34322;-1.3187;-1.2911;-1.26002;-1.22494;-1.18533;-1.14053;-1.08977;-1.03207;-0.966474;-0.891625;-0.806065;-0.708054;-0.595624
2;10164704043589;50;phasezpwr;2.36383;2.36332;2.36263;2.36172;2.36034;2.35922;2.3576;2.35564;2.35342;2.35069;2.34759;2.34437;2.34025;2.33594;2.33068;2.32516;2.31844;2.31115;2.30291;2.29364;2.28347;2.27179;2.25884;2.2442;2.228;2.20985;2.18946;2.16685;2.14155;2.1133;2.08186;2.04684;2.0079;1.96459;1.91652;1.86323;1.80423;1.73897;1.66695;1.58765;1.50047;1.405;1.30081;1.18759;1.06516;0.934072;0.794995;0.64974;0.501341;0.354768
2;10164704043589;50;phasezstddev;0.000110011;8.74872e-05;5.32654e-05;0.000183017;4.4603e-05;0.000123066;3.85282e-05;6.65783e-05;4.09642e-05;4.64383e-05;6.10644e-05;3.84515e-05;2.94598e-05;2.94743e-05;3.15985e-05;3.88868e-05;4.80971e-05;4.47277e-05;1.12792e-05;3.25966e-05;2.52925e-05;2.39513e-05;1.00401e-05;2.24265e-05;1.50009e-05;6.07429e-06;1.05055e-05;3.41934e-06;1.27525e-05;8.98505e-06;6.86764e-06;3.02474e-06;8.49945e-06;5.04487e-06;3.2916e-06;4.46003e-06;5.37519e-06;2.17242e-06;4.3311e-06;2.422e-06;3.20644e-06;7.24411e-06;5.5135e-06;3.95503e-06;6.62049e-06;1.87902e-06;1.72195e-06;1.33363e-05;1.29266e-06;4.47897e-06
2;10164704043589;50;realz;2735.13;2461.32;2218.48;2003.32;1817.14;1644.06;1494.28;1361.84;1243.58;1140.17;1048.2;963.93;892.13;826.062;769.468;716.985;672.594;632.023;596.114;564.188;535.145;510.032;487.351;467.533;449.57;433.67;419.726;407.134;396.022;386.215;377.475;369.739;362.849;356.758;351.33;346.474;342.103;338.167;334.566;331.213;328.066;324.998;321.935;318.754;315.416;311.681;307.441;302.502;296.624;289.56
2;10164704043589;50;realzpwr;7.48102e+06;6.05812e+06;4.92168e+06;4.0134e+06;3.30201e+06;2.70296e+06;2.23288e+06;1.8546e+06;1.54648e+06;1.29999e+06;1.09873e+06;929162;795897;682379;592082;514068;452384;399453;355352;318309;286380;260133;237511;218587;202113;188070;176170;165758;156833;149162;142487;136707;131660;127276;123433;120044;117035;114357;111934;109702;107627;105624;103642;101604;99487.5;97145;94519.8;91507.2;87985.9;83844.8
2;10164704043589;50;realzstddev;9.36542;6.34766;3.84394;10.5615;2.48282;5.95671;1.64496;2.48994;1.42052;1.4902;1.68168;0.939543;0.651333;0.561993;0.546329;0.628777;0.671924;0.578253;0.123124;0.317955;0.227986;0.191072;0.0690497;0.144795;0.086265;0.0321414;0.0489711;0.0130491;0.049387;0.0301097;0.022579;0.00823387;0.0177669;0.0100908;0.00596028;0.00739667;0.00995283;0.00299491;0.00632374;0.00399714;0.00361283;0.00454644;0.00296914;0.00563324;0.00409397;0.00110326;0.000931002;0.00580664;0.00100168;0.00149321
2;10164704043589;50;settling;0.132279;0.132279;0.132279;0.132279;0.132279;0.132279;0.132279;0.132279;0.132279;0.132279;0.132279;0.132279;0.132279;0.132279;0.132279;0.132279;0.132279;0.132279;0.132279;0.132279;0.132279;0.132279;0.132279;0.132279;0.132279;0.132279;0.132279;0.132279;0.132279;0.132279;0.132279;0.132279;0.132279;0.132279;0.132279;0.132279;0.132279;0.132279;0.132279;0.132279;0.132279;0.132279;0.132279;0.132279;0.132279;0.132279;0.132279;0.132279;0.132279;0.132279
2;10164704043589;50;tc;0.00509713;0.00509713;0.00509713;0.00509713;0.00509713;0.00509713;0.00509713;0.00509713;0.00509713;0.00509713;0.00509713;0.00509713;0.00509713;0.00509713;0.00509713;0.00509713;0.00509713;0.00509713;0.00509713;0.00509713;0.00509713;0.00509713;0.00509713;0.00509713;0.00509713;0.00509713;0.00509713;0.00509713;0.00509713;0.00509713;0.00509713;0.00509713;0.00509713;0.00509713;0.00509713;0.00509713;0.00509713;0.00509713;0.00509713;0.00509713;0.00509713;0.00509713;0.00509713;0.00509713;0.00509713;0.00509713;0.00509713;0.00509713;0.00509713;0.00509713
2;10164704043589;50;tcmeas;0.00509713;0.00509713;0.00509713;0.00509713;0.00509713;0.00509713;0.00509713;0.00509713;0.00509713;0.00509713;0.00509713;0.00509713;0.00509713;0.00509713;0.00509713;0.00509713;0.00509713;0.00509713;0.00509713;0.00509713;0.00509713;0.00509713;0.00509713;0.00509713;0.00509713;0.00509713;0.00509713;0.00509713;0.00509713;0.00509713;0.00509713;0.00509713;0.00509713;0.00509713;0.00509713;0.00509713;0.00509713;0.00509713;0.00509713;0.00509713;0.00509713;0.00509713;0.00509713;0.00509713;0.00509713;0.00509713;0.00509713;0.00509713;0.00509713;0.00509713
2;10164704043589;50;count;1339;1339;1339;1339;1339;1339;1339;1339;1339;1339;1339;1339;1339;1339;1339;1339;1339;1339;1339;1339;1339;1339;1339;1339;1339;1339;1339;1339;1339;1339;1339;1339;1339;1339;1339;1339;1339;1339;1339;1339;1339;1339;1339;1339;1339;1339;1339;1339;1339;1339
2;10164704043589;50;flags;0;0;0;0;0;0;0;0;0;0;0;0;0;0;0;0;0;0;0;0;0;0;0;0;0;0;0;0;0;0;0;0;0;0;0;0;0;0;0;0;0;0;0;0;0;0;0;0;0;0
2;10164704043589;50;nexttimestamp;10163966010204;10163981083333;10163995907536;10164010858535;10164026126442;10164041300195;10164056145404;10164071430274;10164086309448;10164101434410;10164116513238;10164131493264;10164146448758;10164161721273;10164176796422;10164191963219;10164206858177;10164221974192;10164237041132;10164252313211;10164266989314;10164282294257;10164297325922;10164312513011;10164327224671;10164342709067;10164357445048;10164372754154;10164387669002;10164402512767;10164417560758;10164433002763;10164447747180;10164462865846;10164477945115;10164493085118;10164508120663;10164523425371;10164538324960;10164553253546;10164568361735;10164583474006;10164598711115;10164613566391;10164628697037;10164643647665;10164658714891;10164673843533;10164688637542;10164704043589
2;10164704043589;50;settimestamp;10163958073452;10163973146581;10163987970784;10164002921783;10164018189690;10164033363443;10164048208652;10164063493522;10164078372696;10164093497658;10164108576486;10164123556512;10164138512006;10164153784521;10164168859670;10164184026467;10164198921425;10164214037440;10164229104380;10164244376459;10164259052562;10164274357505;10164289389170;10164304576259;10164319287919;10164334772315;10164349508296;10164364817402;10164379732250;10164394576015;10164409624006;10164425066011;10164439810428;10164454929094;10164470008363;10164485148366;10164500183911;10164515488619;10164530388208;10164545316794;10164560424983;10164575537254;10164590774363;10164605629639;10164620760285;10164635710913;10164650778139;10164665906781;10164680700790;10164696106837
3;10165021574058;20;absz;16980;13872.2;11329.5;9253.95;7558.68;6172.46;5040.9;4115.91;3360.45;2743.14;2238.48;1825.88;1488.8;1212.98;987.413;802.838;651.911;528.765;428.842;348.948
3;10165021574058;20;abszpwr;2.88319e+08;1.92437e+08;1.28358e+08;8.56355e+07;5.71337e+07;3.80992e+07;2.54107e+07;1.69407e+07;1.12926e+07;7.52484e+06;5.01078e+06;3.33385e+06;2.21654e+06;1.47132e+06;974984;644549;424988;279593;183905;121765
3;10165021574058;20;abszstddev;0.357277;0.616454;0.548884;0.273354;0.227319;0.117443;0.0594284;0.078136;0.0294274;0.035116;0.0155982;0.0141519;0.00849427;0.00999352;0.00391139;0.00351117;0.00286389;0.00140958;0.00227392;0.0026111
3;10165021574058;20;bandwidth;10.2741;10.2741;10.2741;10.2741;10.2741;10.2741;10.2741;10.2741;10.2741;10.2741;10.2741;10.2741;10.2741;10.2741;10.2741;10.2741;10.2741;10.2741;10.2741;10.2741
3;10165021574058;20;bias;0;0;0;0;0;0;0;0;0;0;0;0;0;0;0;0;0;0;0;0
3;10165021574058;20;biaspwr;0;0;0;0;0;0;0;0;0;0;0;0;0;0;0;0;0;0;0;0
3;10165021574058;20;biasstddev;0;0;0;0;0;0;0;0;0;0;0;0;0;0;0;0;0;0;0;0
3;10165021574058;20;drive;0.300003;0.300003;0.300003;0.300003;0.300003;0.300003;0.300003;0.300003;0.300003;0.300003;0.300003;0.300003;0.300003;0.300003;0.300003;0.300003;0.300003;0.300003;0.300003;0.300003
3;10165021574058;20;drivepwr;0.0900018;0.0900018;0.0900018;0.0900018;0.0900018;0.0900018;0.0900018;0.0900018;0.0900018;0.0900018;0.0900018;0.0900018;0.0900018;0.0900018;0.0900018;0.0900018;0.0900018;0.0900018;0.0900018;0.0900018
3;10165021574058;20;drivestddev;0;0;0;0;0;0;0;0;0;0;0;0;0;0;0;0;0;0;0;0
3;10165021574058;20;frequency;99999.99999990905;122862.535599424;150952.0265389597;185463.4873444638;227865.1431623047;279960.8926363817;343967.05137965;422606.6409511731;519225.2346839865;637933.2888043621;783781.0140572543;962973.2274171232;1183133.324347452;1453627.601814205;1785963.729760951;2194280.323268956;2695948.443325946;3312310.615921419;4069588.809647371;4999999.999999929
3;10165021574058;20;frequencypwr;9999999999.981911;15095202653.91964;22786514316.21875;34396705137.96936;51922523468.37658;78378101405.76071;118313332434.8123;178596372976.0317;269594844332.6433;406958880964.7499;614312677996.6244;927317436722.1434;1399804463181.482;2113033204756.049;3189666444021.601;4814866137085.268;7268138009071.78;10971401616345.88;16561553079607.6;24999999999999.78
3;10165021574058;20;frequencystddev;0;0;0;0;0;0;0;0;0;0;0;0;0;0;0;0;0;0;0;0
3;10165021574058;20;grid;100000;122862.5355993477;150952.02653901;185463.4873444279;227865.1431623399;279960.8926363343;343967.0513795677;422606.6409512487;519225.2346839353;637933.2888043477;783781.0140573311;962973.2274171185;1183133.324347544;1453627.60181425;1785963.729760977;2194280.323269017;2695948.443325882;3312310.615921321;4069588.809647314;4999999.999999999
3;10165021574058;20;imagz;-16962.8;-13856;-11314.1;-9238.78;-7543.4;-6156.72;-5024.32;-4098.05;-3340.82;-2721.17;-2213.49;-1797.06;-1455.13;-1173.21;-939.985;-745.797;-582.748;-444.269;-324.796;-219.753
3;10165021574058;20;imagzpwr;2.87736e+08;1.9199e+08;1.28009e+08;8.5355e+07;5.6903e+07;3.79052e+07;2.52438e+07;1.6794e+07;1.1161e+07;7.40479e+06;4.89955e+06;3.22942e+06;2.11741e+06;1.37642e+06;883572;556213;339596;197375;105492;48291.4
3;10165021574058;20;imagzstddev;0.351536;0.609597;0.550355;0.270026;0.218661;0.122112;0.0628569;0.0793182;0.0326356;0.0342702;0.013695;0.0136407;0.00855776;0.0100855;0.00413589;0.00359538;0.00275435;0.00113958;0.00206944;0.00248511
3;10165021574058;20;param0;377483;287823;217113;161689;118942;86484.3;62206.9;44230.3;31132.2;21718.4;15024.4;10316.5;7039.98;4776.01;3224.76;2168.64;1454.35;975.087;656.75;449.217
3;10165021574058;20;param0pwr;1.42494e+11;8.28424e+10;4.71383e+10;2.61433e+10;1.41472e+10;7.47953e+09;3.8697e+09;1.95632e+09;9.69213e+08;4.71689e+08;2.25733e+08;1.06429e+08;4.95613e+07;2.28103e+07;1.03991e+07;4.703e+06;2.11512e+06;950795;431321;201796
3;10165021574058;20;param0stddev;468.634;171.779;126.537;101.547;41.174;31.1608;14.2198;4.65683;3.57967;1.62104;0.610355;0.17536;0.0948802;0.064967;0.0405554;0.0240951;0.0128028;0.00250216;0.00453004;0.00447897
3;10165021574058;20;param1;9.36361e-11;9.32721e-11;9.29345e-11;9.25811e-11;9.22184e-11;9.18662e-11;9.1488e-11;9.11023e-11;9.06822e-11;9.02203e-11;8.97012e-11;8.90886e-11;8.83107e-11;8.73041e-11;8.59154e-11;8.39252e-11;8.09493e-11;7.63501e-11;6.90695e-11;5.74465e-11
3;10165021574058;20;param1pwr;8.76773e-21;8.69969e-21;8.63681e-21;8.57126e-21;8.50423e-21;8.4394e-21;8.37006e-21;8.29964e-21;8.22326e-21;8.1397e-21;8.04631e-21;7.93677e-21;7.79878e-21;7.62201e-21;7.38146e-21;7.04344e-21;6.5528e-21;5.82933e-21;4.77059e-21;3.3001e-21
3;10165021574058;20;param1stddev;2.02723e-15;4.19015e-15;4.4888e-15;2.77664e-15;2.87675e-15;1.68686e-15;1.02617e-15;1.69844e-15;7.09362e-16;1.18394e-15;7.00584e-16;7.08171e-16;4.91711e-16;6.88314e-16;3.28042e-16;3.72654e-16;3.96956e-16;2.16967e-16;3.59806e-16;2.44498e-16
3;10165021574058;20;phasez;-1.5258;-1.52258;-1.51859;-1.51353;-1.5072;-1.49936;-1.48967;-1.47761;-1.46264;-1.44415;-1.42125;-1.39287;-1.35771;-1.31401;-1.2596;-1.19157;-1.10599;-0.997654;-0.859291;-0.681242
3;10165021574058;20;phasezpwr;2.32806;2.31825;2.30612;2.29078;2.27166;2.24809;2.21913;2.18332;2.13933;2.08558;2.01995;1.94009;1.84337;1.72662;1.58659;1.41983;1.22321;0.995313;0.73838;0.464091
3;10165021574058;20;phasezstddev;5.6061e-05;2.94335e-05;3.00858e-05;3.62717e-05;2.34196e-05;2.51946e-05;1.81406e-05;8.95205e-06;1.17402e-05;9.71909e-06;6.90846e-06;3.19169e-06;2.27758e-06;1.48573e-06;3.51412e-06;3.84781e-06;3.93534e-06;7.28429e-07;2.78144e-06;3.3435e-06
3;10165021574058;20;realz;763.795;668.592;591.205;529.632;480.35;440.534;408.487;383.011;362.731;346.473;333.509;323.158;314.85;308.064;302.343;297.214;292.219;286.736;280.023;271.06
3;10165021574058;20;realzpwr;583383;447016;349523;280510;230736;194070;166862;146697;131574;120043;111228;104431;99130.6;94903.7;91411.3;88336;85392;82217.6;78412.8;73473.4
3;10165021574058;20;realzstddev;0.954041;0.418478;0.338474;0.338337;0.187609;0.151874;0.0891236;0.0342266;0.0368429;0.0277395;0.0171726;0.00694037;0.00322727;0.00118324;0.00319899;0.00299074;0.00268275;0.000914674;0.00152016;0.00141536
3;10165021574058;20;settling;0.132279;0.132279;0.132279;0.132279;0.132279;0.132279;0.132279;0.132279;0.132279;0.132279;0.132279;0.132279;0.132279;0.132279;0.132279;0.132279;0.132279;0.132279;0.132279;0.132279
3;10165021574058;20;tc;0.00509713;0.00509713;0.00509713;0.00509713;0.00509713;0.00509713;0.00509713;0.00509713;0.00509713;0.00509713;0.00509713;0.00509713;0.00509713;0.00509713;0.00509713;0.00509713;0.00509713;0.00509713;0.00509713;0.00509713
3;10165021574058;20;tcmeas;0.00509713;0.00509713;0.00509713;0.00509713;0.00509713;0.00509713;0.00509713;0.00509713;0.00509713;0.00509713;0.00509713;0.00509713;0.00509713;0.00509713;0.00509713;0.00509713;0.00509713;0.00509713;0.00509713;0.00509713
3;10165021574058;20;count;1339;1339;1339;1339;1339;1339;1339;1339;1339;1339;1339;1339;1339;1339;1339;1339;1339;1339;1339;1339
3;10165021574058;20;flags;0;0;0;0;0;0;0;0;0;0;0;0;0;0;0;0;0;0;0;0
3;10165021574058;20;nexttimestamp;10164735557449;10164750480341;10164765531834;10164780437518;10164795706450;10164810690740;10164825612346;10164840858502;10164855965599;10164870892988;10164886076392;10164901065095;10164916076680;10164931237171;10164946317467;10164961237458;10164976436390;10164991384405;10165006417571;10165021574058
3;10165021574058;20;settimestamp;10164727620697;10164742543589;10164757595082;10164772500766;10164787769698;10164802753988;10164817675594;10164832921750;10164848028847;10164862956236;10164878139640;10164893128343;10164908139928;10164923300419;10164938380715;10164953300706;10164968499638;10164983447653;10164998480819;10165013637306
